19.9369419	50.058616
19.97494025	50.01103925
19.93822652	50.08072751
19.98623395	50.06632446
19.93809323	50.05634482
19.93817857	50.05562908
19.98464637	50.09404195
19.96173515	50.04187479
20.036134	50.072533
20.0011388	50.0753046
19.99700522	50.08544637
20.00238111	50.09390663
19.93915415	50.04694666
19.939736	50.059059
19.94239	50.06457
19.93821762	50.05803915
19.92681196	50.06349201
19.98623395	50.06632446
19.91714904	50.0522465
19.938221	50.061919
19.938367	50.06138
19.91011109	50.02715714
19.937678	50.0825225
19.939163	50.063968
20.02259712	50.0923376
20.0285275	50.07305073
19.93801542	50.05864805
19.94620851	49.99400317
20.02259712	50.0923376
19.9657047	50.0197274
20.0179309	50.07219389
19.8969823	50.07324225
19.94771063	50.04575673
19.91323166	50.06752716
20.01955877	50.08292347
19.94792298	50.02941962
19.94239201	50.06335004
19.99730373	50.06666669
19.9240401	50.0405102
19.96246343	50.08946131
19.94558315	50.00826948
19.9654433	50.06898688
19.94666539	50.05543999
19.944348	50.064741
19.9502264	50.0681477
19.93493054	50.05948029
19.94557583	50.06804314
19.92918059	50.02931018
19.96267373	50.07768032
19.94120352	50.04591769
20.03310188	50.07726658
19.94764787	50.05009435
19.93665027	50.06268886
20.03310188	50.07726658
19.93719729	50.0646643
19.93887377	50.06521017
19.938012	50.058137
19.9383975	50.0581126
19.93746234	50.08306041
20.01998595	50.09001721
19.94913217	50.0449781
19.93704187	50.04935331
19.94155883	50.03945816
19.9582589	50.08250837
19.963169	50.0892183
19.99506034	50.06581231
19.9425205	50.04064822
19.94047214	50.06352604
19.94850527	50.04412158
19.96509817	50.05610973
19.91426668	50.06677454
19.938012	50.058137
19.950846	50.067201
19.909619	50.067992
19.9375979	50.048224
19.93563939	50.06420377
19.9411539	50.05059174
19.975658	50.078157
19.90067854	50.08468226
19.89573122	50.07316337
19.932873	50.0594
19.94700711	50.06293422
20.00467929	50.07907046
19.88247177	50.08186047
19.90045548	50.07864123
19.935988	50.053497
19.941818	50.061272
19.97543657	50.0109081
19.99026381	50.06599041
19.94297572	50.06380915
19.94213463	50.06061866
19.93850279	50.03169535
19.9439175	50.08735952
19.94236008	50.04782774
19.94297131	50.06319501
20.03199724	50.07698777
20.01672809	50.09626007
19.94625258	50.09057901
19.936469	50.055403
19.94515252	50.06400273
19.935947	50.061723
19.93471086	50.08427474
19.93798907	50.05892747
20.00269063	50.0807947
19.91037871	50.07090449
19.93737267	50.06269571
19.99953689	50.06453106
19.9359634	50.0630308
19.93939859	50.03952763
19.93874195	50.05905682
19.94512203	50.06418002
19.93696989	50.05930415
19.9822758	50.0189232
19.94087485	50.04736811
20.01885581	50.09752016
19.99899161	50.02322982
19.93563939	50.06420377
19.97708572	50.06991965
20.03534736	50.08305318
19.94161	50.06551
19.913196	50.035776
20.0172549	50.09204633
19.95006012	50.06749974
19.9369924	50.05877086
19.98677524	50.09290197
19.9541103	50.0490737
20.02259711	50.0923376
19.93898814	50.04692176
19.927113	50.012438
19.96396337	50.0574955
19.93859112	50.06873868
19.93874195	50.05905682
19.97721277	50.01361846
20.01544075	50.07531487
19.95185176	50.06562707
19.9512097	50.00269316
19.925694	50.055807
19.93851302	50.05930163
19.942553	50.063482
19.92779223	50.06317138
19.94627946	50.05259865
20.0391671	50.077742
19.9369419	50.058616
20.02259712	50.0923376
19.87507589	50.06559815
19.943164	50.06475
19.9614436	50.04739102
20.043548	50.06733
20.12952194	50.09701216
19.93764624	50.0532905
19.94679387	50.0474138
20.03585676	50.08185574
19.9365601	50.0535942
20.04755946	50.07460601
19.9365601	50.0535942
19.95036978	50.0626407
19.95504949	50.04458609
19.949318	50.069
19.914636	50.054596
20.0201686	50.0927879
19.9331593	50.05569792
20.03310188	50.07726658
19.94771064	50.04575673
19.903939	50.070082
19.94515252	50.06400273
19.99263723	50.02063953
19.94490492	50.05213288
19.90645714	50.06510021
19.95019422	50.05213172
19.949318	50.069
19.92367826	50.05405505
19.94859376	50.05306531
19.94596612	50.05397742
19.95149992	50.06717484
19.949318	50.069
19.966182	50.0460319
19.9232903	50.05405791
19.938012	50.058137
19.96920092	50.0215815
19.93432	50.064595
19.97621574	50.05737663
19.9369419	50.058616
19.943633	50.061692
19.949318	50.069
19.93334617	50.06208712
19.91697841	50.07169929
19.97668619	50.01068665
19.93665027	50.06268886
19.93822652	50.08072751
20.00811901	50.01894532
19.94596613	50.05397742
19.91928442	50.0727771
19.9074703	50.0784397
19.94297131	50.06319501
19.96421047	50.08669344
19.85231231	49.99284294
19.937891	50.059128
19.98927252	50.06866416
19.913196	50.035776
19.92452451	50.04526959
20.05124616	50.02816192
19.89214219	50.0207786
19.95060555	50.05965846
19.893872	50.022236
20.00960357	50.01783742
19.93348	50.05904
20.032848	50.082529
19.94172294	50.05914073
19.928163	50.052149
19.92213179	50.0722395
19.91399	50.065692
20.03809623	50.07283023
19.80374929	50.01955587
20.02601962	50.09296194
19.94126975	50.07363371
19.95266165	50.04437843
19.94191612	50.04269629
19.9375218	50.0592611
19.93599189	50.05270458
19.94233181	50.06443442
20.01436899	50.08387626
19.94352075	50.06364392
19.95498052	50.08478976
19.93784431	50.06255708
19.94317603	50.05180089
19.927071	50.011476
19.9432016	50.04931555
19.95053035	50.06806729
19.93654587	50.05921101
19.96639542	50.03765783
20.0179309	50.07219388
19.914343	50.067461
19.9382992	50.06264412
19.938283	50.061305
19.94557582	50.06804314
19.935988	50.053497
19.95009061	50.0465872
19.9350737	50.06344987
20.0394149	50.025946
19.939736	50.059059
19.95180197	50.05804206
19.939834	50.062849
20.02533696	50.08009066
19.94770694	50.05079734
19.89502892	50.05960789
19.93565755	50.06034454
19.95006012	50.06749974
19.962348	50.089567
19.96500113	50.06570912
19.98649984	50.09391455
19.97814076	50.05628605
19.939736	50.059059
20.00401678	50.09099038
19.93021328	50.07124849
20.02546552	50.01269289
19.93204998	50.0641592
19.9250947	50.01208193
19.94079328	50.03166707
19.9502381	50.06812263
19.93944727	50.06221045
19.93165627	50.05589389
19.99851867	50.04384822
19.935988	50.053497
20.01392053	50.09215655
19.98924086	50.09102124
19.9002194	50.0011422
19.93667	50.061058
19.93758738	50.0588164
20.04438093	50.06720628
19.95008447	50.06344193
20.03578481	50.07891025
19.91055922	50.08273362
19.94433131	50.04948783
19.973144	50.080773
19.98924086	50.09102124
19.94394619	50.05035394
19.939736	50.059059
19.94740266	50.05266467
19.9243511	50.0681913
19.91897832	50.05283198
19.939464	50.035235
19.94583518	50.05255761
19.945603	50.054104
19.94247058	50.05153104
19.939643	50.05347628
19.90908685	50.023082
19.9468538	50.04976121
19.88508855	50.07061006
20.04752554	50.07517235
19.92704022	50.05130831
19.91697841	50.07169929
19.94239201	50.06335004
19.94927974	50.058333
19.9363463	50.0601897
19.99462069	50.08858854
19.96371858	50.04705874
19.94068415	50.04138666
19.93957676	50.06237461
19.9418414	50.0496816
19.94127274	50.06298359
19.90995073	50.08575666
20.02322096	50.0935503
19.940561	50.06163
19.94090378	50.06409774
19.91955933	50.05470004
19.937678	50.0825225
19.94006907	50.06660025
20.0568125	50.09095617
19.94726192	50.06187597
19.93514738	50.06054951
19.94627947	50.05259865
19.931535	50.055404
20.0451814	50.07988055
19.938698	50.059102
19.98560858	50.03752638
19.949318	50.069
20.02232088	50.09285061
19.9468538	50.04976121
19.94451502	50.0671717
19.9361036	50.0393545
19.94407797	50.05004273
19.934031	50.059094
19.95232404	50.03990908
19.93637507	50.0514217
19.98318584	49.99286265
20.0172549	50.09204633
19.90873141	50.02333011
19.98040916	50.0956398
20.00681783	50.08017623
19.9393551	50.05901558
19.94297131	50.06319501
19.93165627	50.05589389
19.95876288	50.06703895
19.92714778	50.06300406
19.93696989	50.05930415
19.96208976	50.04910056
19.93011413	50.04584909
19.94792299	50.02941962
19.945063	50.053841
19.93665271	50.05784658
19.98646237	50.06703648
19.9499217	50.07011279
19.931262	50.055059
19.99506034	50.06581231
19.9421319	50.0506965
19.9523739	50.0437429
20.04438093	50.06720628
19.91999736	50.07955643
19.94102057	50.04895915
19.936986	50.053084
19.94627947	50.05259865
19.91057	50.085778
20.021469	50.08696914
19.95251875	50.00921202
19.96291264	49.98904932
19.939496	50.066244
19.93753371	50.05923715
19.94204409	50.04853129
19.886756	50.006934
19.9621023	50.04724465
20.032166	50.082212
19.94485662	50.05241057
19.90207368	50.02247777
19.87634285	50.06482043
19.94205673	50.06682936
19.94720945	50.06210038
19.932023	50.062629
19.9093123	50.05342857
19.91038956	50.08561886
19.92870357	50.0124514
19.94627947	50.05259865
19.93817857	50.05562908
19.900025	50.0858782
19.94376612	50.06711321
19.965718	50.065744
19.89152771	50.09065779
19.93667	50.061058
19.927546	50.067032
19.94760866	50.05043257
19.9418975	50.04758028
19.96049	50.08635
20.03310188	50.07726658
19.9369924	50.05877086
19.98191424	50.04599926
19.93511	50.066194
19.89790203	50.10909539
20.0316009	50.03825923
19.95006012	50.06749974
19.93980943	50.08358155
19.936433	50.062456
19.93511	50.066194
19.9389074	50.0358434
19.935988	50.053497
19.93946866	50.05816961
19.924627	50.057835
19.93105452	50.07208063
19.89440648	50.07935073
19.939736	50.059059
19.948063	50.060311
19.95006012	50.06749974
19.9203027	50.06224807
19.94148	50.065182
20.12952194	50.09701216
19.94557583	50.06804314
19.939736	50.059059
19.96621705	50.06680736
19.90172463	50.07368789
19.91391613	50.05415886
19.94539017	50.0536844
20.031805	50.082622
19.933543	50.053053
19.94212701	50.048645
19.98025597	50.04482648
19.96596991	50.04921005
19.93880896	50.07094961
19.96297473	50.02671784
19.94667541	50.04867255
20.01938951	50.08954985
19.93869101	50.0688505
19.93952542	50.08859286
19.92761229	50.06236154
19.89336174	50.00774863
19.93696989	50.05930415
20.01738811	50.09694503
19.93108242	50.09667783
19.99723459	50.08599309
19.97721277	50.01361846
19.90318377	50.06445957
19.933543	50.053053
19.93514652	50.06238727
19.9389577	50.04707713
20.00284598	50.08556175
19.94205673	50.06682936
19.96291264	49.98904932
19.93149193	50.06044887
19.961987	50.078966
19.95138202	50.05830676
19.983532	50.068671
19.93726254	50.06056786
19.9043309	50.0170085
20.00266086	50.07984115
19.93507369	50.06344987
19.938012	50.058137
19.909104	50.086762
19.93654587	50.05921101
19.94015681	50.04133083
20.12952194	50.09701216
19.93336766	50.06077947
19.84249189	50.01062062
19.93975	50.059056
19.93341009	50.05599452
19.931775	50.03446888
19.93594308	50.06195308
19.94627947	50.05259865
19.94077905	50.0642145
19.89929726	50.07285504
19.94441054	50.05185346
19.95149333	50.04722941
19.947791	50.0361189
19.94817	50.088451
19.949318	50.069
19.92632487	50.04651527
20.02259712	50.0923376
19.97770915	50.06980711
19.93711515	50.05314888
19.93696989	50.05930415
19.98295219	50.06828157
19.93778181	50.06381983
19.93878764	50.0211891
20.02533696	50.08009066
20.06506458	50.09499582
19.94484295	50.04932287
19.93059013	50.06341531
19.9398075	50.05329988
20.00019042	50.04362643
19.92452451	50.04526959
19.93866	50.061705
19.95165105	50.06748703
19.93599189	50.05270458
20.0168098	50.0623881
19.98631712	50.09420729
19.93975605	50.04087794
19.934333	50.028622
19.93678023	50.05893857
19.93356057	50.05656093
19.92442485	50.04896104
19.92761566	50.05684992
19.945545	50.053788
20.06296892	50.09437454
19.90951726	50.08590802
19.94176148	50.05693929
19.94745197	50.05079064
19.89443098	50.07676429
20.00262107	50.0898264
19.943739	50.048227
19.93806263	50.06075728
19.93898813	50.04692176
19.94540834	50.05979305
19.90460588	50.06593306
19.93758738	50.0588164
19.94596612	50.05397742
19.91386837	50.07219915
19.93215207	50.06071941
19.91606234	50.03032907
20.00892628	50.01127532
19.933543	50.053053
19.941331	50.060343
19.96291264	49.98904932
19.93645	50.06102
20.01682098	50.09627826
20.0275098	50.06664541
19.8782248	50.0779742
19.94625758	50.05340984
20.0172549	50.09204633
19.93801542	50.05864805
20.02542628	50.0821901
19.94348051	50.066775
19.920835	50.087641
20.08375067	50.09341969
19.94583518	50.05255761
19.94162414	50.06617143
19.94297131	50.06319501
19.90357615	50.05677903
20.03846302	50.07393707
19.94431851	50.04757225
19.95434356	50.05666279
20.03310188	50.07726658
19.938031	50.061448
19.93758739	50.05881639
19.93753371	50.05923715
19.94424486	50.04967364
19.94646269	50.04967647
19.944763	50.052791
19.96008519	50.05036964
20.03310188	50.07726658
19.96304017	50.04988217
19.9245245	50.04526959
19.98623395	50.06632446
19.926281	50.070916
19.93093315	50.06201245
20.0368984	50.0817024
19.94424486	50.04967364
19.944818	50.063996
19.91645723	50.07209701
19.94239201	50.06335004
19.95269398	50.08762906
19.93928894	50.06231249
19.98752918	50.06635321
19.98623395	50.06632446
19.95093151	50.05598879
19.94537512	50.0514515
20.04438093	50.06720628
19.9320179	50.05629671
19.9384357	50.04417601
19.94119166	50.04611183
19.93792512	50.06402894
19.93473889	50.06358594
20.04438093	50.06720628
19.935988	50.053497
19.98623395	50.06632446
19.9502381	50.06812263
19.896244	50.07959
19.94587592	50.05355373
19.9389696	50.06877528
19.88581232	50.09625103
19.9378295	50.05985771
19.8976455	50.0848178
19.94442886	50.05406428
19.95673088	50.02497305
19.931976	50.024157
19.91086447	50.07473083
19.932538	50.062444
19.96088286	50.04185042
19.92518856	50.01597204
19.94627947	50.05259865
19.9349737	50.0555186
19.95673088	50.02497304
19.913196	50.035776
19.88843088	50.06191589
19.962031	50.05036
20.00024494	50.04418387
19.94033857	50.05191534
19.894845	50.074069
19.960988	50.025364
19.949318	50.069
19.93023252	50.0891378
19.92885809	50.06672012
20.07272431	50.1030018
20.0172549	50.09204633
19.94126975	50.07363371
19.94627947	50.05259865
19.93798907	50.05892747
19.95943149	50.05703127
19.95286403	50.06915524
19.93957225	50.06960259
19.93696989	50.05930415
19.93929853	50.06093421
19.93359075	50.0568081
19.9478051	50.05058704
19.935988	50.053497
19.94686034	50.05492398
19.9285096	50.07426728
19.96074859	50.05034683
19.94161	50.06551
19.94859376	50.05306531
19.94450996	50.06118951
19.90638183	50.06644752
19.98927252	50.06866416
19.97800072	50.0894563
19.90866978	50.07087403
19.943162	50.064119
20.00238111	50.09390663
19.93705697	50.08161076
19.9850891	50.0382215
19.97668619	50.01068665
19.939736	50.059059
19.89344235	50.07998365
19.939485	50.066238
19.94485662	50.05241057
19.93810967	50.06708249
19.94627947	50.05259865
19.92397	50.055979
19.98924086	50.09102124
19.94266783	50.04979518
19.93696989	50.05930415
19.895608	50.076477
19.9414307	50.0599245
19.94441054	50.05185346
19.939736	50.059059
19.939643	50.05347628
19.94297131	50.06319501
19.934914	50.064348
19.94817	50.088451
19.9389615	50.059047
20.01900141	50.08392604
19.9240401	50.0405102
19.96560033	50.06708215
19.93724271	50.09257822
19.941826	50.06126
19.92993889	50.0449287
20.0250847	50.09351118
19.9817039	50.0233672
19.93449414	50.0556798
19.93574217	50.07111229
19.9402685	50.0533295
19.95145901	50.052086
19.927113	50.012438
19.98040916	50.09563979
19.94474185	50.05473787
19.93123001	50.08005719
19.92794263	50.04367738
19.98371189	50.07710286
20.03199724	50.07698777
20.01012355	50.10152504
20.05637295	50.09426246
19.93142114	50.06791263
19.98117604	50.0237231
19.909619	50.067992
19.95821679	50.00791537
20.0172549	50.09204633
19.87937064	49.98169217
19.9747162	50.0798227
19.93629658	50.0623183
19.94118976	50.05196268
19.9418361	50.0611835
19.9359634	50.0630308
19.94587609	50.06415423
19.909104	50.086762
19.96639542	50.03765783
20.042384	50.036693
19.93118261	50.05797023
20.0285965	50.0695617
19.93819873	50.06243299
19.93359075	50.0568081
19.938012	50.058137
20.05681249	50.09095617
19.94424486	50.04967364
19.94823757	50.04538022
19.93851301	50.05930163
20.02322097	50.0935503
19.93203775	50.05682393
20.05637296	50.09426246
19.93623228	50.0622446
19.93207511	50.06088547
19.9382992	50.06264412
19.9396817	50.0662846
19.92730771	50.0933028
20.01032198	50.10228716
20.01900142	50.08392605
20.03310188	50.07726658
19.935988	50.053497
19.93172879	50.06048225
19.94720945	50.06210038
19.94269782	50.0404349
19.93493054	50.05948029
19.9611602	50.04042015
19.94667541	50.04867255
19.932538	50.062444
19.94923817	50.06863048
19.98399772	50.06827616
20.04616253	50.06577573
20.02259711	50.0923376
19.99994349	50.08174873
19.93433079	50.06564939
19.95404881	50.04743943
20.031805	50.082622
19.9043309	50.0170085
19.91380255	50.07370621
19.94859376	50.05306531
19.93696989	50.05930415
19.9244144	50.0452984
19.904545	50.05318
19.9393551	50.05901558
19.95180359	50.06541627
20.03900392	50.073394
19.92907072	50.0678249
19.93121702	50.05749769
19.86598016	50.06370095
19.9414307	50.0599245
19.93341009	50.05599452
20.02451675	50.09922898
19.94896842	50.00978665
20.0239512	50.0820845
20.01424436	50.08017874
19.91380255	50.07370621
19.95943149	50.05703127
19.93762154	50.05990182
20.0374836	50.08098857
19.93686807	50.05809837
19.9616344	50.05445564
19.98411991	50.06725324
19.97543657	50.01090811
19.9502381	50.06812263
19.93791076	50.05936212
19.935604	50.060385
20.04118693	50.00774578
19.8998105	50.08671259
19.93819874	50.06243299
19.904108	50.078533
19.86598017	50.06370095
19.91713991	50.05277891
19.917127	50.05221
19.938989	50.04952
19.93745685	50.05681709
19.96075434	50.02425861
19.9414371	50.0500574
19.93540831	50.06331853
20.11451909	50.10179643
19.99720698	50.07355416
19.9862499	50.01793819
19.90715267	50.0739553
19.89658864	50.08146114
19.93438106	50.07066165
19.9339601	50.0672771
19.94530017	50.05832905
19.97447338	50.07302406
19.93303717	50.05555098
19.94758617	50.09030011
19.938607	50.0589299
19.94529773	50.04941714
20.05681249	50.09095617
19.98163538	50.09437725
19.94981023	50.00930645
20.06238077	50.09466931
19.92897066	50.05046854
19.92436981	50.06422932
19.95739889	50.05950273
20.01738811	50.09694503
20.02529913	50.09800789
19.93718802	50.05927049
20.04480138	50.07388149
19.99466629	50.03328143
19.94006907	50.06660025
19.88717916	50.11037775
19.88247177	50.08186047
20.03314919	50.08493478
19.93753371	50.05923715
19.93420553	50.06690009
19.943781	50.061204
19.85978175	49.99957404
19.93348	50.05904
19.938277	50.069828
19.93944875	50.05849758
19.939564	50.083511
19.94923817	50.06863048
19.93753371	50.05923715
19.93165627	50.05589389
19.939761	50.059064
19.939736	50.059059
19.94537608	50.05192021
20.02218933	50.08232729
19.95228875	50.06745878
20.01593935	50.07918142
19.94268153	50.03890397
19.9706274	50.0454575
19.934785	50.064387
19.92693976	50.0719363
20.02221404	50.0772996
20.00114644	50.08375293
19.91407258	50.0674194
19.949318	50.069
19.94627947	50.05259865
20.00509352	50.08141817
19.96509817	50.05610973
19.94551925	50.0522611
20.04438093	50.06720628
20.02413547	50.0835705
19.947085	50.051245
20.03355346	50.07224854
20.02542628	50.0821901
19.940454	50.061668
19.96667673	50.06318969
19.93874195	50.05905682
19.98191424	50.04599926
19.96506373	50.08136847
19.94969818	50.05171106
20.05637296	50.09426245
19.93419417	50.06626782
20.0303863	50.08216016
19.905644	50.006066
20.02529913	50.09800789
19.93946866	50.05816961
19.93928893	50.06231249
19.92633941	50.05098897
19.93044494	50.04708814
19.92622856	50.04061921
19.902579	50.083902
19.938724	50.065376
19.8956293	50.0816989
19.95099173	50.06725901
20.00019042	50.04362643
20.04438093	50.06720628
19.93770806	50.05939575
19.94627947	50.05259865
19.939496	50.066244
19.94422576	50.05255068
19.91854816	50.02805792
20.03359264	50.08320759
20.01486373	50.08261097
19.94472954	50.05381688
19.99203772	50.03529521
19.9505929	50.06564514
19.9379013	50.05545687
19.94162414	50.06617143
19.9421575	50.0765066
19.94123894	50.06453538
19.97228341	50.01022665
19.96777905	50.05803837
20.16064447	50.05580691
19.938607	50.0589299
19.93696989	50.05930415
19.95942516	50.08861972
19.935988	50.053497
20.03555554	50.07384889
20.00785653	50.09687215
19.9140016	50.0673859
19.96044088	50.07086945
19.89652508	50.08117759
19.94109487	50.06469685
19.938654	50.06757
20.02259711	50.0923376
19.92395506	50.08757104
19.97558363	50.0180751
19.9375218	50.0592611
19.9325867	50.05928167
19.91413432	50.06709656
19.9591313	50.07310256
19.9653398	50.0492673
19.9350737	50.06344987
19.97543657	50.0109081
19.93993969	50.07115578
19.93552213	50.03007393
19.94627947	50.05259865
19.938012	50.058137
19.93667	50.061058
19.94691701	50.047179
19.9299389	50.04492869
19.92769115	50.08952255
19.94449706	50.05387662
19.94395283	50.03224401
19.93988694	50.06108414
20.03997283	50.07317836
19.94955196	50.06226204
19.91574897	50.08281326
19.95562241	50.04616032
19.9274314	50.0648368
20.065436	50.095074
19.91417029	50.06720183
19.927113	50.012438
19.96153258	50.00864919
19.94973415	50.06782497
19.9502381	50.06812263
19.9096096	50.086273
19.90467241	50.08337478
19.876551	50.077775
19.94172499	50.06314432
20.03496887	50.07282359
19.96377494	50.0891926
20.02377983	50.08171355
19.9429263	50.0632006
19.98624925	50.06943214
19.95269398	50.08762906
19.93758739	50.05881639
19.89954132	50.07523943
19.96919597	50.04249234
19.9331593	50.05569792
19.92653803	50.05937564
20.02259712	50.0923376
19.93696989	50.05930415
19.90996766	50.06959166
19.9375218	50.0592611
19.94260253	50.04992652
19.96164834	50.04102213
19.9878252	50.0929283
19.949318	50.069
19.95180359	50.06541627
19.91267133	50.06804758
19.9414307	50.0599245
19.88997681	50.01508014
19.94694354	50.06239884
19.91236552	50.07541635
19.927183	50.011421
19.93511	50.066194
19.95009061	50.0465872
19.89424028	50.07977122
19.92732782	50.05156365
20.01171702	50.01691504
19.9260787	50.04758603
19.98445993	50.08057418
19.94407797	50.05004273
19.939128	50.054232
19.913663	50.072311
19.92828411	50.07461713
19.94428563	49.98616137
19.94627947	50.05259865
19.94247058	50.05153104
19.94162414	50.06617143
19.93941099	50.05373878
19.96418098	50.09188677
20.02218933	50.08232729
19.89025446	50.02225926
19.91574895	50.08281327
19.96222669	50.04042019
19.9245245	50.04526959
20.01441786	50.08213776
19.98026747	50.07568805
19.954951	49.996503
20.01293857	50.08824904
19.93719729	50.0646643
19.93222198	50.05656234
19.938283	50.061305
19.9361036	50.0393545
19.93770806	50.05939575
19.93624402	50.06102737
19.93928893	50.06231249
19.95674585	50.05634368
19.92428179	50.07133374
19.96494192	50.07292846
19.91302866	50.08977032
19.91086447	50.07473083
19.96008519	50.05036964
19.946664	50.048837
19.94042198	50.05215323
19.941457	50.065035
19.91699488	50.05524517
20.0127534	50.10500005
19.92325135	50.07379248
19.955917	50.045199
19.93841822	50.05550872
19.93746242	50.06032479
20.05681249	50.09095617
19.92725133	50.0855497
19.93798908	50.05892747
19.87687031	50.07747121
19.93696989	50.05930415
19.949318	50.069
19.92472618	50.01217496
19.93836343	50.08365349
19.94627947	50.05259865
19.91380255	50.07370621
19.94475572	50.0539753
19.93944727	50.06221045
20.0201686	50.0927879
19.927113	50.012438
19.936838	50.055437
19.93400444	50.06670853
20.04348386	50.06744837
19.95892779	50.03958913
19.93697198	50.04417927
20.04806016	50.07043273
19.9414603	50.0500467
19.87687031	50.07747121
19.93756426	50.04171535
19.94399982	50.07145774
19.96639542	50.03765783
19.9420775	50.0668896
19.86799682	50.06140116
20.0172549	50.09204633
19.960988	50.025364
20.02259712	50.0923376
19.9646741	50.0563432
19.94557582	50.06804314
19.96304017	50.04988217
19.94573	50.064659
19.97543657	50.0109081
19.89440648	50.07935073
19.93857892	50.04701279
19.93620056	50.07172345
19.91830319	50.07983782
20.04752554	50.07517235
20.16045686	50.05623978
19.943164	50.06475
20.00718007	50.07825924
19.93722383	50.0698017
19.9240401	50.0405102
19.945714	50.0813392
19.94557582	50.06804314
19.8410161	50.0686776
19.92437248	50.05398823
19.94996547	50.01304591
19.92692731	50.05202792
19.94225944	50.05689325
19.94223933	50.05926022
19.8955536	50.07794
19.9244144	50.0452984
19.93341008	50.05599452
19.98623395	50.06632446
19.92651179	50.07740321
19.96639542	50.03765783
20.065436	50.095074
19.91399	50.065692
19.95367	50.063438
19.93235466	50.07218356
19.93618713	50.06376429
19.96438085	50.0668172
20.00567757	50.01623776
19.97800072	50.0894563
19.92367826	50.05405505
19.9398535	50.06301269
19.9369419	50.058616
19.93132531	50.0885543
19.92891137	50.06340109
19.9186681	50.070464
19.9996243	50.0307356
19.93423564	50.06739716
19.9244144	50.0452984
19.93994185	50.05310281
19.91729946	50.07444119
19.941995	50.05969
19.95011847	50.02616088
19.94336639	50.06791093
19.98604877	50.04030848
19.93973383	50.05379756
19.93835	50.06136
19.9421575	50.0765066
19.909104	50.086762
19.95375053	50.04740228
19.9136978	50.0714895
19.94441273	50.05608294
19.96561785	50.05666029
19.93011413	50.04584909
19.94223933	50.05926022
19.96851663	50.06836936
19.990829	50.035072
19.98130829	50.09105876
19.93928893	50.06231249
19.935988	50.053497
19.92510976	50.01858151
19.92495499	50.09432962
20.03310188	50.07726658
19.94557583	50.06804314
19.93308894	50.06524106
19.90715267	50.0739553
19.93469108	50.06699156
19.9240876	50.04048532
19.922033	50.061299
19.93704187	50.04935331
19.90677941	50.02360148
19.91325865	50.05320402
19.96005871	50.04447919
19.93165627	50.05589389
20.00156524	50.08105543
19.94362747	50.04823815
19.99265746	50.01822942
20.03578481	50.07891025
19.94720508	50.05966034
19.91962907	50.02842919
20.04141617	50.08086612
19.930226	50.057036
19.94726192	50.06187597
19.91736253	50.0527493
19.94407797	50.05004273
19.9502381	50.06812263
19.90980346	50.06831267
19.949318	50.069
20.03310188	50.07726658
19.8470649	50.00663302
19.935988	50.053497
19.94574363	50.04859483
20.04031716	50.08910807
19.996867	50.014787
19.90318377	50.06445957
19.9365601	50.0535942
19.89340874	50.07717004
20.0226165	50.08273794
20.02590975	50.0832581
20.00960357	50.01783742
19.9419785	50.05264672
19.904545	50.05318
19.941484	50.06513
19.93825139	50.06098009
20.0470802	50.07629279
19.965582	50.013901
19.98633129	50.09930724
19.99506034	50.06581231
19.99994349	50.08174873
19.94031299	50.05245859
19.9464479	50.05249859
19.986965	50.019593
19.953832	50.043783
19.91406246	50.0141149
19.9350737	50.06344987
19.92571603	50.04118897
19.94362747	50.04823815
19.93619935	50.0604209
20.03721957	50.07659601
19.91399	50.065692
19.93093315	50.06201245
20.03809624	50.07283023
19.93970921	50.06197266
19.95111466	50.0446629
19.95107526	50.02604802
19.867594	50.003186
19.94539018	50.0536844
20.01293858	50.08824904
19.96115739	50.05028019
19.92918059	50.02931018
20.0568125	50.09095617
19.97604531	50.07128434
19.91250737	50.073949
19.8345322	50.02909453
19.85930822	50.06543559
19.9503513	50.0580601
19.94148	50.065182
19.896887	50.072446
19.93791076	50.05936212
19.962031	50.05036
19.93823553	50.04412244
19.936629	50.049904
19.9071676	50.0662638
19.9379013	50.05545687
19.93656501	50.09239899
19.949318	50.069
19.94297131	50.06319501
19.95006012	50.06749974
19.92954372	50.03016667
19.9369924	50.05877086
20.0443301	50.0671729
19.9997181	50.0816972
19.934187	50.059827
20.03623851	50.07234905
19.93341009	50.05599452
19.965132	50.055972
19.9379013	50.05545687
19.95673088	50.02497305
19.9244144	50.0452984
20.0428586	50.06779401
19.9120983	50.0611096
19.939496	50.066244
19.92816227	50.05201598
19.913196	50.035776
19.940463	50.061667
19.938012	50.058137
20.1638319	50.0573446
19.9502381	50.06812263
19.93939859	50.03952763
20.01192772	50.07865526
19.93563206	50.06308248
19.93407459	50.06790157
19.94347583	50.05218703
20.03862319	50.07189406
19.999271	50.03894477
19.9365601	50.0535942
20.178912	50.052572
19.9421575	50.0765066
20.01535455	50.0898107
19.92436276	50.05558343
19.94614264	50.04462469
20.05182597	50.06909365
19.93822652	50.08072751
19.93759918	50.06004178
19.94627947	50.05259865
19.9240876	50.04048532
19.99361286	50.04999626
19.93854472	50.05222861
20.02569094	50.08835164
19.92732781	50.05156365
19.98924085	50.09102124
20.02134534	50.08754149
19.93493054	50.05948029
19.93750454	50.06979542
20.00563087	50.0941258
19.93303716	50.05555099
19.96574858	50.04925422
19.94792298	50.02941962
19.88247177	50.08186047
20.01900142	50.08392605
19.93944875	50.05849758
19.9411647	50.0407503
19.93621143	50.0640292
19.94735737	50.05176689
19.96766841	50.00644631
19.87104682	50.07645971
19.94408	50.0552
19.93928893	50.06231249
20.04348386	50.06744837
19.8956293	50.0816989
19.93101464	50.06037772
19.93704187	50.04935331
19.96291264	49.98904932
19.95475402	50.04631945
19.93957676	50.06237461
20.0067967	50.07337195
20.04721442	50.07382925
19.94817	50.088451
19.9693222	50.08323082
20.00948995	50.10005096
19.928781	50.072236
19.921568	50.0549602
19.9373589	50.06329791
19.96314632	50.08986959
19.9462747	50.0422069
19.94295619	50.03999469
19.935988	50.053497
19.9309362	50.084913
19.99170494	50.04724119
19.93832611	50.05901683
19.95095233	50.05065016
19.98308455	50.04413202
19.98973633	50.04957858
19.93165627	50.05589389
19.92686386	50.03982989
20.16704553	50.06941837
19.935988	50.053497
19.926281	50.070916
19.99299545	50.0350712
19.886756	50.006934
19.894739	50.073955
19.94297131	50.06319501
19.94529773	50.04941714
19.934124	50.071136
19.94627947	50.05259865
19.95278953	50.0277541
19.928678	50.072085
19.93874195	50.05905682
19.94050898	50.05250326
19.92152111	50.05280551
19.9351848	50.059578
20.01477933	50.07539976
19.9749092	50.0724626
19.94557582	50.06804314
19.938012	50.058137
19.9264464	50.0468152
19.94067357	50.06168838
19.94239266	50.0673899
19.9240876	50.04048532
19.94495715	50.05456326
19.938012	50.058137
19.91736301	50.05432291
19.94726192	50.06187597
19.92601897	50.02959992
19.94817	50.088451
19.966777	50.0157869
19.986291	50.0178658
20.04610744	50.09719053
20.05637295	50.09426246
19.92211431	50.04388877
19.94057	50.0661
20.04438093	50.06720628
19.93439444	50.06021828
19.925358	50.071485
19.94879	50.05028
19.9471231	50.0430988
19.93493054	50.05948029
19.91984858	50.07206507
20.02322096	50.0935503
20.0054433	50.0917501
19.94035	50.056465
19.94726192	50.06187597
19.940094	50.068349
19.9599259	50.06697118
20.12952194	50.09701216
19.942233	50.0478389
20.04601075	50.09677247
19.94627947	50.05259865
19.965338	50.0552789
19.861948	50.067585
20.0172549	50.09204633
19.94996547	50.01304591
19.99846028	50.04315471
19.913196	50.035776
19.93433104	50.06653772
19.94204574	50.03811783
19.92799702	50.05635765
20.02221695	50.08964644
19.96680698	50.04711657
19.89870996	50.07308444
19.90532498	50.07763299
19.938607	50.0589299
19.94126975	50.07363371
19.94054541	50.06200048
19.93093315	50.06201245
19.94999489	50.06805146
19.92793405	50.03597015
20.00571601	50.08128712
19.99732239	50.09551618
19.9881798	50.0687284
19.94893322	50.05037579
19.98467761	50.06811645
19.9958508	50.033933
19.94557583	50.06804314
19.91627328	50.08432075
19.94584506	50.05202994
19.94862048	50.00851791
20.04348386	50.06744837
19.97620714	50.09567422
19.91552213	50.07497523
19.93759917	50.06004179
19.93957676	50.06237461
19.9159887	50.0711618
19.93758739	50.05881639
19.94261534	50.05159829
19.98040916	50.0956398
19.936283	50.060209
19.93485	50.064396
19.93696989	50.05930415
19.939496	50.066244
19.93753371	50.05923715
19.93678023	50.05893857
20.00845267	50.09527408
19.9653398	50.0492673
19.93928893	50.06231249
19.93571011	50.06169233
20.01436898	50.08387625
19.9502719	50.067417
19.9477244	50.0457471
19.93747989	50.06442232
19.92772716	50.06023759
19.98328846	50.06874768
19.91645723	50.07209701
19.92834	50.055491
19.94627947	50.05259865
19.938031	50.061448
19.92765673	50.06694263
19.9006477	50.0847843
19.94205672	50.06682935
19.938283	50.061305
19.9244144	50.0452984
20.040242	50.089335
19.96963712	50.04650175
19.94092007	50.06224083
19.93944727	50.06221045
19.98924086	50.09102124
19.94557582	50.06804314
19.89698336	50.07215661
20.03310188	50.07726658
19.95093554	50.04365316
19.90996766	50.06959166
19.89732693	50.02050248
19.9275446	50.08424152
20.00238111	50.09390663
19.93918969	50.05823664
20.02529913	50.09800789
19.93667	50.061058
19.94422576	50.05255068
19.921055	50.055215
19.9398075	50.05329988
19.94057694	50.05670022
19.95475402	50.04631945
20.01408343	50.0094775
19.97721277	50.01361847
19.96213912	50.05537952
19.98969785	50.09683164
19.93794322	50.05780017
19.90329504	50.0652642
20.01008543	50.01231998
19.91703207	50.05368378
19.94495715	50.05456325
19.94407797	50.05004273
19.9502381	50.06812263
19.913196	50.035776
19.917355	50.06904
19.94172415	50.06103056
19.91574896	50.08281326
19.94064674	50.06186457
19.935988	50.053497
19.93305993	50.04286496
20.02451674	50.09922898
19.94155883	50.03945816
20.01722417	50.09812869
20.0833379	50.1092939
19.9446086	50.06733072
19.93767663	50.06739509
19.94557583	50.06804314
19.96048284	50.07774531
20.05253421	50.06958837
19.93359075	50.0568081
19.942555	50.021972
20.00019042	50.04362643
19.893804	50.0222283
19.96054326	50.04416794
19.8231331	50.01058578
19.941484	50.06513
20.04237358	50.08319361
19.92320606	50.01258859
19.89698229	50.07324225
20.067143	50.078874
19.95898416	50.06836759
19.92765325	50.09439647
19.960988	50.025364
19.93804382	50.08301124
19.94713727	50.0546708
19.94076762	50.05227344
19.96322583	50.04494275
19.914076	50.052748
19.93764	50.06041
19.94162414	50.06617143
19.93574382	50.05260451
19.92732781	50.05156365
20.0482232	50.0751488
19.94297131	50.06319501
19.93851301	50.05930163
19.927607	50.0895669
19.9418361	50.0611835
19.95877772	50.00750703
20.00019042	50.04362643
19.92327249	50.07480466
20.03092704	50.08246514
19.967036	50.056784
19.94347892	50.03905952
19.88843089	50.06191589
19.92266538	50.07887554
20.00974659	50.09465762
20.02259712	50.0923376
19.93165626	50.05589389
20.03808257	50.0842674
19.93696989	50.05930415
19.94322713	50.05225236
19.96673038	50.04582556
19.92878386	50.02359568
19.9221362	50.07148207
19.96458391	50.00923726
19.93540461	50.07447559
20.03536833	50.075556
19.92597591	50.04661586
19.88842458	50.0781411
19.93493054	50.05948029
20.0568125	50.09095617
19.92746978	50.05672422
19.9086929	50.0725061
19.94792298	50.02941962
20.02533696	50.08009066
19.9379013	50.05545687
19.9240876	50.04048532
19.93581232	50.06181053
20.0061356	50.09106666
19.938012	50.058137
20.04616252	50.06577573
19.96291264	49.98904932
19.92415354	50.07588608
19.94286592	50.06691804
19.93798907	50.05892747
20.02479912	50.07971157
19.94557582	50.06804314
19.94627947	50.05259865
19.93025955	50.06800471
19.93341009	50.05599452
19.95943149	50.05703127
19.94695779	50.04412468
19.94771063	50.04575673
19.937828	50.059162
19.94859376	50.05306531
19.9329584	50.0691402
19.91400109	50.07558258
19.91902645	50.07077045
19.9441659	50.0937698
19.98624925	50.06943214
19.94642472	50.00728101
19.93978967	50.04786315
19.95763957	50.04507065
19.93564616	50.06627229
19.93091161	50.07296422
19.935988	50.053497
19.94155883	50.03945816
19.9389577	50.04707713
19.94237767	49.98570807
19.94162413	50.06617144
19.933554	50.063096
20.02489314	50.0928238
19.9937803	50.0354026
19.93758739	50.05881639
19.937837	50.083539
19.93434	50.06465
19.97007199	50.08203024
19.94494954	50.06649155
19.9060705	50.023594
19.938654	50.06757
19.96610064	50.04912461
19.933712	50.057772
19.91714904	50.0522465
19.94745197	50.05079064
19.941911	50.044114
19.98362261	50.07608979
19.9753909	50.0588017
19.96580229	50.03701204
19.93172879	50.06048225
19.909619	50.067992
19.94483122	50.06863437
19.94239	50.06457
19.98227187	50.07451631
19.935114	50.066182
19.915786	50.071037
19.94191187	50.0638459
19.937299	50.061611
19.935535	50.051348
19.94161	50.06551
19.94068415	50.04138666
19.96065708	50.02287071
19.861948	50.067585
19.94239201	50.06335004
19.92356115	50.04136026
20.05681249	50.09095617
19.8720026	50.0657503
19.95565576	50.04640587
19.96317814	50.04512184
19.93753371	50.05923715
19.95107526	50.02604802
19.96199	50.062394
19.94479135	50.05097392
19.97122006	50.07840198
19.933712	50.057772
19.98757942	50.09306482
19.92800399	50.05724121
19.93957676	50.06237461
19.94156965	50.06666102
19.95645433	50.05566719
20.0226165	50.08273793
19.9262695	50.05584842
19.90601086	50.05789783
19.94424486	50.04967364
19.98725594	50.09298825
19.91357397	50.05300322
19.93493054	50.05948029
19.94627947	50.05259865
19.93110441	50.05759886
19.94630921	50.0634326
19.9393551	50.05901558
19.92430773	50.03793663
19.983171	50.040782
19.9369419	50.058616
19.93946866	50.05816961
19.94407797	50.05004273
19.93204806	50.0634607
19.94243324	50.03995346
19.93370134	50.07377173
20.03310188	50.07726658
19.892611	50.021582
19.98924085	50.09102124
19.94670784	50.0633589
19.91625586	50.05336054
19.95006012	50.06749974
19.95138202	50.05830675
19.97722871	50.02439431
19.93798907	50.05892747
19.94265615	50.02215009
19.93098022	50.0421953
19.92648376	50.05128876
20.02533696	50.08009066
19.946174	50.049694
19.93849508	50.06234521
19.94162414	50.06617143
19.935988	50.053497
19.94291099	50.05211594
19.9309362	50.084913
19.94127465	50.03789491
19.9096096	50.086273
19.93136212	50.06343873
19.97288735	50.01099147
20.0172549	50.09204633
19.939162	50.066253
19.96075434	50.02425861
19.94449706	50.05387662
19.94626622	50.05284315
19.9502381	50.06812263
19.936193	50.071362
19.9374019	50.0695613
19.93753339	50.06019089
19.94489884	50.05360814
19.90208489	50.01538321
19.93565755	50.06034454
19.97583858	50.072146
19.99994349	50.08174873
19.9511047	50.0628023
19.98646237	50.06703648
19.9466987	50.01029145
19.90543389	50.07482753
19.93066	50.069173
19.92452451	50.04526959
19.96115739	50.05028019
19.949318	50.069
19.94451502	50.0671717
19.92695709	50.06294845
19.99640142	50.08403992
19.94557582	50.06804314
19.9401463	50.0414157
20.01032198	50.10228716
19.95161128	50.05213731
19.96008519	50.05036964
19.94596612	50.05397742
19.9655351	50.08829413
19.93692757	50.04950767
20.0172549	50.09204633
19.93957676	50.06237461
19.94619402	49.97581259
19.99118204	50.09149946
19.900978	50.053119
19.93564616	50.06627229
19.84804329	49.99654956
19.94442886	50.05406427
19.94205673	50.06682936
19.93753371	50.05923715
20.03310188	50.07726658
19.93359075	50.0568081
20.04622113	50.07425083
19.94627947	50.05259865
19.93127952	50.03316012
19.93473887	50.06358594
19.88843088	50.06191589
19.9627459	50.04200233
19.935226	50.051833
19.95876288	50.06703895
19.92049574	50.06771741
19.93399596	50.05677074
19.99747117	50.02381751
20.03469815	50.07024856
20.02259711	50.0923376
19.93359075	50.0568081
20.00230444	50.07894884
19.93764148	50.05975777
19.95006012	50.06749974
19.9267729	50.0117196
19.950582	50.066193
19.86639966	50.06460176
19.8896582	50.0934663
19.933712	50.057772
19.961769	50.062027
19.93711515	50.05314888
19.93890441	50.06103236
19.902896	49.98872327
19.94187551	50.0389714
19.93696989	50.05930415
19.98924085	50.09102124
19.978338	50.081703
20.03585676	50.08185574
19.939736	50.059059
19.9096096	50.086273
20.00024494	50.04418387
19.94551925	50.05226109
19.94770694	50.05079734
19.93960474	50.05429431
19.98927252	50.06866416
19.9420775	50.0668896
19.94472954	50.05381688
19.93869809	50.06636771
20.097653	50.06786
19.91748695	50.05524822
19.93895323	50.07153753
19.94853716	50.05028947
19.94196206	50.04873014
19.91421701	50.07293339
19.95706657	50.04594706
20.0073396	50.0771439
19.92714778	50.06300406
20.02259712	50.0923376
19.9240401	50.0405102
19.913196	50.035776
19.94905	50.044865
19.93419417	50.06626782
19.9086929	50.0725061
19.95813674	50.04448659
19.93941727	50.0714542
19.89296001	50.01730084
20.03704676	50.0729587
20.01517105	50.0882252
19.94068415	50.04138666
19.94627947	50.05259865
19.908006	50.061784
19.93078852	50.06787746
19.9273362	50.0515345
19.95450229	50.09301036
19.92664393	50.04590484
20.01293857	50.08824904
19.92107394	50.08003073
19.94068253	50.06409118
19.93753371	50.05923715
19.9378212	50.0602589
19.94596677	50.04956497
19.9237009	50.06948924
19.92004488	50.02329934
19.9397486	50.0590466
19.91635412	50.06933569
19.94695779	50.04412468
20.03358128	50.07348281
19.89372936	50.01710347
19.96074859	50.05034683
19.933326	50.084072
19.9173206	50.08685289
20.03524703	50.07627964
19.94737219	50.06141977
19.9345449	50.0553049
19.933543	50.053053
19.94627947	50.05259865
20.03310188	50.07726658
19.93089843	50.04348704
19.941911	50.044114
19.93696989	50.05930415
20.02452706	50.09221727
19.94324569	50.06175517
19.89021219	50.01957836
19.9308975	50.08475039
19.89319966	50.06072811
19.93696989	50.05930415
19.9350737	50.06344987
19.94678397	50.06304301
19.95006012	50.06749974
19.92987528	50.06122198
19.88259588	49.97779743
19.98592026	50.0925191
19.96133979	50.04430877
20.06084499	50.09555394
19.94853335	50.05837925
19.92023365	50.03050522
20.03469815	50.07024856
20.02969164	50.03992647
19.88980633	50.01080361
19.949318	50.069
19.93737267	50.06269571
20.04317109	50.07918508
19.94205673	50.06682936
19.94557582	50.06804314
19.9382943	50.05745017
19.949219	50.045907
19.934785	50.064387
19.9351848	50.059578
19.94998889	50.05636646
19.89814579	50.08486243
19.94557583	50.06804314
19.93753371	50.05923715
19.89929726	50.07285504
19.944842	50.062882
19.9987486	50.0180465
19.939121	50.066347
19.92452451	50.04526959
19.98521985	50.06861214
20.03748359	50.08098857
20.04991161	50.06967801
19.96199	50.062394
19.93011413	50.04584909
19.89719933	50.08519958
19.93249849	50.07983342
19.93781	50.06079
20.01477326	50.06309211
19.93016286	50.07580598
19.9350857	50.066675
19.936588	50.061509
19.95006011	50.06749974
19.94177366	50.04958942
19.934785	50.064387
19.91417029	50.06720183
19.96291264	49.98904932
19.946248	50.051485
19.93696989	50.05930415
19.96673038	50.04582556
19.94182487	50.04084366
20.0169649	50.0744614
19.94641304	50.0444648
19.92265494	50.04162573
19.9359042	50.0622184
20.05637296	50.09426246
19.94407797	50.05004273
19.94557583	50.06804314
19.93359075	50.0568081
19.95943908	50.05671238
19.9351848	50.059578
19.94627947	50.05259865
19.98399772	50.06827616
20.02451675	50.09922898
19.94412	50.061147
19.94627947	50.05259865
19.95278953	50.02775409
20.02259712	50.0923376
19.95036978	50.0626407
19.97721277	50.01361847
20.032202	50.083567
19.98191424	50.04599926
19.94254565	50.0479113
19.949318	50.069
19.94458188	50.0528425
19.93629657	50.0623183
19.92560499	50.08108989
20.06506458	50.09499581
19.94720945	50.06210038
19.93493054	50.05948029
19.88016149	50.02088303
19.93737266	50.06269571
19.94345938	50.06443973
19.92452451	50.04526959
19.931535	50.055404
20.06506458	50.09499581
19.94297131	50.06319501
19.93704187	50.04935331
19.95673088	50.02497304
20.0328588	50.07659292
19.89548804	50.08187274
19.8621858	50.068225
19.93667	50.061058
19.93645819	50.0624864
19.946151	50.057144
20.02529913	50.09800789
19.92714778	50.06300406
19.9418171	50.03886912
19.89698336	50.07215661
19.92786426	50.06286936
19.97564565	50.0102003
19.9769197	50.06024277
19.93830636	50.06458999
19.97577319	50.08584396
19.95269398	50.08762906
20.00733789	50.01612296
19.93499109	50.06143309
19.933437	50.052984
19.93780981	50.06757674
19.96701162	50.06563709
20.04533106	50.06937947
19.96379478	50.07716888
19.939736	50.059059
19.944829	50.048503
20.03893662	50.07655056
19.946917	50.047179
19.94442886	50.05406428
19.99578003	50.08849555
19.94508607	50.05543601
19.939716	50.0619749
19.991757	50.040305
19.94667189	50.05335556
19.939485	50.066238
20.00092635	50.0896076
19.94557583	50.06804314
19.93753195	50.05646454
19.96208976	50.04910056
19.93903	50.06589
19.8838	50.0789679
19.88309663	50.08230913
19.996867	50.014787
19.93764	50.06041
19.93493216	50.05555344
19.94488681	50.05133462
19.95111205	50.06661708
19.96102543	50.05514868
19.92438605	50.04587241
19.92739775	50.05160684
19.9502381	50.06812263
19.92266538	50.07887554
19.99585437	50.03400901
19.94472954	50.05381688
19.99881084	50.01243135
19.94091491	50.06438884
19.94686	50.047141
19.93781	50.06079
19.9615083	50.0514462
19.9379013	50.05545687
19.93667	50.061058
19.93446054	50.02390451
20.02065728	50.08976587
20.02193878	50.09736289
19.948539	50.053458
19.949318	50.069
20.02533696	50.08009066
19.93696989	50.05930415
19.9189288	50.05245775
19.94999489	50.06805146
19.94451502	50.0671717
19.90500935	50.10558783
19.94229431	50.06722796
19.92802001	50.05681962
19.97154102	50.08802728
19.939736	50.059059
19.95107526	50.02604802
19.9477244	50.0457471
19.95269398	50.08762906
19.93945552	50.0612767
19.93359075	50.0568081
19.961955	50.05027
19.99020055	50.00760718
20.0303863	50.08216016
20.03310188	50.07726658
19.93975606	50.04087794
19.9446086	50.06733072
19.962031	50.05036
19.93779534	50.0600922
19.928678	50.072085
19.9094447	50.0859131
19.929869	50.055968
19.93119751	50.05723138
19.934057	50.064346
19.930698	50.088857
20.011752	50.0685469
19.94297131	50.06319501
19.91714904	50.0522465
19.94817	50.088451
19.9653398	50.0492673
19.98623395	50.06632446
19.940056	50.060793
19.98328846	50.06874768
19.93093315	50.06201245
19.913196	50.035776
19.9785225	50.0312779
19.94156965	50.06666102
19.909219	50.086157
19.92300931	50.07631038
19.940947	50.043634
19.9384379	50.05821047
19.940251	50.052383
20.031805	50.082622
19.9297385	50.0550825
19.99700522	50.08544637
19.93044494	50.04708814
19.99720698	50.07355417
19.927812	50.055449
19.94077315	50.06392596
19.92645029	50.06186035
19.97800072	50.0894563
20.00746347	50.02124296
19.93255191	50.05681184
19.938607	50.0589299
19.93140262	50.07866166
19.93716247	50.04920814
19.92987004	50.06798206
19.91270348	50.02502013
20.01232551	50.09216801
20.0239512	50.0820845
19.93359075	50.0568081
19.92754461	50.08424152
19.93961675	50.05389117
19.92775266	50.06611418
20.0234074	50.09056906
19.92553535	50.08054162
19.94561558	50.0431597
19.94205673	50.06682936
20.00238111	50.09390663
19.8969823	50.07324225
19.93682473	50.04962425
19.90067854	50.08468226
19.935017	50.051867
20.00929418	50.07396641
19.89893459	50.07231638
19.94107119	50.05073484
19.94119166	50.04611183
19.93798907	50.05892747
19.91942351	49.98548555
19.93836343	50.08365349
19.90578666	50.06458456
19.937481	50.051891
19.9319637	50.04293247
19.94297131	50.06319501
20.040242	50.089335
19.92954096	50.04567121
19.98040916	50.09563979
19.93493054	50.05948029
20.05637296	50.09426245
19.94067357	50.06168838
19.91314793	50.0719105
19.96304017	50.04988217
19.93753371	50.05923715
19.9404601	50.08700578
19.88966829	50.0734427
19.913196	50.035776
19.95125952	50.06721406
20.04996761	50.05891002
19.93758739	50.05881639
20.02322096	50.0935503
19.97914389	50.08939279
20.01811347	50.09085022
19.96431646	50.04858418
19.92909186	50.07097498
19.950582	50.066193
19.93540461	50.07447559
19.9351848	50.059578
20.02859189	50.08603635
19.98924085	50.09102124
